BARNABAE EPISTULA.

νηστεία 3, 2. 3, 7, 3. 4.
νομοθέτης 21, 4.
νόμοι 2, 6 (κυρίου ’1- Xo·); 3, 6.

ξύλον 5, 13; 8, 5, 11, 6, 12, 1. 7,

δδδς 10, 10, 11, 7, 19, 1.
δικαία 12, 4.
δικαιοσύνης 1, 4, 5, 4.
θανάτου 19, 2, 20, 1.
τοῦ μέλανος 20, 1.
πονηρά 4, 10.
τοῦ σκύτους 5, 4, 18, 1.
τοῦ φωτός 18, 1;19, 1. 12,

δδοί δύο 18, 1.

δλοκαύτιυμα 2, 4. 5. 7, 7, 6.

δξύπτερος 10, 1. 4.

ὀρφανός 20, 2.

παγίς θανάτου 19, 7. 8.

παιδίσκη 19, 7.

παιδσφοορέιο 19, 4.

παιδσφθὸρος 10, 6.

ποιῖς κυρίου 6, l (9, 2).

παραβολή 6, 10; 17, 2.

παρείσδυσις 2, 10 (πλάνης), 4, 10.

τά παρεληλυθότα 1, 7, 5, 3.

τά παρύντα 1, 8.

πάσχω 5, 5. 6. 13, 6, 9 (γῆ πάσχου-
σα), 7, 2. 5. 11, 12, 2. 5.

πατὴρ 2, 7, 5, 6, 12, 8, 13, 5. 7,
14, 1. 6.

περιτέμνω 9, 1. 5. 6. 8, 10, 12.

περιτομή 9, 4. 6. 7.

περίψημα 4, 9, 6, 5.

πέτρα 5, 14, 6, 3, 11, 3. 4.

πίστις 1, 5. 6, 2, 2, 4, 8. 9, 6,17
(τῆς ἐπαγγείλας), 11, 8, 16, 9.

πλανάω2,9, 15, 6, 16, 1.

πλάνη 2, 10, 4, 1 (τοῦ νῦν καιροῦ),
12,10; 14, 5.

πλάσις 6, 9. 13 (δευτέρα).

πλάσμα 6, 12 (τὸ καλὸν πληρῶν),
20, 2 (θεοῦ).

659

ηπληγὴ ’1. Χριστοῦ ζωοποιεῖ ἡμᾶς
7, 2.

δπλησίον 2, 8, 19, 3. 6. 8.

πνεῦμα 1, 2. 8. 5, 6, 14; 7, 8, 9, 2.
7, 10,2.9; 11,11, 12, 2, 13, 5,
14, 2. 9, 19, 2. 7, 21, 9.

πνευματικός 4, 11, 16, 10.

ποδήρης κόκκινος 7, 9.

πολύπους 10, 5.

πονηρός 2, 1. 10 (δ πον), 4, 2. 10.
12. 13, 6, 7, 8, 6, 9,4, 19, 3. 11,
20, 2.

πραύς 19, 4.

πραΰτης 20, 2.

’ πρδγλωσσσς 19, 8.

προσευχὴ 19, 12.

προσφορά 2, 4. 6.

πρόσωπον 5, 14, 6, 9, 11, 7, 13, 4,
15, 1, 19, 4. 7. 10.

προφανερδιυ 3, 6, 6, 7, 7, 1; 11, 1.

προφητεύιο 5, 6, 9, 2, 16, 9.

προφήτης 2, 4, 4, 4, 5, 6. 11, 6, 2.
4. 6. 8. 10. 13, 7, 4, 9, 1, 11,2
4. 6. 9, 12, 1. 4. 8, 14, 2, 7 sqq.

ῥαντίζω 8, 1. 3. 4.
ῥάπισμα τοῦ οίίματος 5, 1.
ῥαχδ 7, 8.

Ῥεβέκκα 13, ο. 3.

ῥυπαρός 8, 6.
ῥύπος 8, 6, 11, ll.

σάββατον 2, 5, 15, 1-3. 8.

σάρξ 5, l. 6. 10-13, 6, 3. 7. 9. 14,
7, 5. 9, 8, 6, 9,4,10,9;12,10.

σατανᾶς 18, l.

σηπία 10, 5.

Σινᾶ 4, 14, 5, 8, 12, 5.

Σιών 6, 2.

σκάνδαλον 4, 3 (τέλειον). 9.

σκεῦος 7, 3, 11, 9 (τοῦ πνεύματος),
21, 8 (καλὸν).

σκύτος 5, 4, 10,10, 14, 5. 6. 7, 18, 1.

42*

 

