662 1113311 101133133313

olam, 15, ι, 35, τ. 1 53, 1. 3, 61, 3.
διακονία 40, 5. ἐπαγγελία 10, 2, 26, 1, 27, 1, 347.
διάκονος 42, 4. 5. ἐπιείκεια 13, 1; 30, 8, 56, 1, 582,
δικαιοπραγία 32, 3. 62, 2.
δίκαιος 5, 2, 9, 3, 14, 1, 17, 3, 21, ἔπινομά44, 2.
4, 22, 6. 7, 27, 1, 3047, 337, ἔπισκοττη44, 1, 50, 3.
45, 3. 4, 464, 48,3, 56,5, 60, 1. ἐπίσκοπος 42, 4. 5, 59, 3611311331
δικαιοσύνη 3, 4, 5, 7, 10, 6, 13, 1, ἐπόπτης ἀνθρωπίνων ἔργων 533
18, 5; 31, 2; 33, 3, 35, 3, 43, 5, domnam, 34, 1.
48,24,62,2. ἔρις32,9,1,14,2,44,1,542
δικαιύαι 8, 4, 16, 12, 18,4; 30, 3, 32,4. Ἐοθὴρ 55, 6
δικαίωμα 2, 8, 35, 7, 58, 2. εὐαγγελίζω 42, l. 3.
Δίρκαι 6, 2. εὐαγγέλιον 47, 2.
διχοστασίαι 46, 5, 51, 1. εὐαρεστίω 41, 4.
διχοστατίω 20, 4. εὐεργεσία 19, 2, 21, 1, 38, 3
διψυχίω 23, 2. εὐεργέτης 59, 3
δίψυχος ll, 2, 23, 3. εὐστάθεια 61, 1, 65, l.
δογματίςω 20, 4, 27, 5. εὐχαριστίαν 38, 2. 4.
δοῦλος 60, 2. Ἐφηβος, Κλαύδιος 65, 1.
δύσις 5, 6. 7. ἐφόδια τοῦ Χριστοῦ 2, l.
δωδεκάσκηπτρον 31, 4.
δωδεκάφυλον 55, 6. ζῆλος 3, 2. 4, 4, 7-13; 5, 2 ,5,
61 1-41 93 Ῑῖ ¹4, λζ 39,7;43,2;
ἐγκύπτω 40, 1, 45, 2, 53, 1, 62, 3. 45, 4, 63, 2.
τὰ ἔθνη 59, 3. 4. '

63, 4.
εἰρήνη insen, 2, 2, 3, 4, 15, 1, 16,
5, 19, 2, 20, 1. 9-11, 22, 5, 60, ἡγεμονία 61, 1.
3. 4, 61, 1. 2, 62,2; 63, 2, 64, οὶ ἡγούμενοι 1, 3, 5, 7; 32.2; 3,,
35, 1. 3. 3, 51, 5; 55, ι, 51, 1,
ἐκκλησία inscr.; 44, 3, 47, 6. Ἦλίας 17, l.
ἐκλεκτός 1, 1; 2, 4, 6,1, 46, 3. 4. Ἥλιούπολις 25, 3.
8, 49, 5, 52, 2, 56, 2, 59, 2. Ἡσαῦ 4, 8.
ἐκλογὴ 33, 1.
ἔλεος 2, 4, 9, 1, 18, 2, 22, 8, 28, θεοστογία 35, 5.
1, 50, 2, 56, 5. θεράπων τοῦ θεοῦ 4, 12 (43, 1); 51,
ἕλευσις τοῦ Χριστοῦ 17, 1. 3. 5 (53, 5).
Ἐλισαιέ 17, 1. θρησκεία 45, 7, 62, 1,
ἐλλόγιμος 44, 3, 57, 2, 58, 2, 62, 3. θρόνος 65, 2.
αιι, 33, 1, 51, 1; 57, 3, 53 3. evola ι, 1. 3, ιο, 3, 13, ,6, 1,, 31.
τὰ ἐνεργούμενα 60, l. 3, 35, 12, 41, 2; 52, 3, 4·
Ἑνώχ 9, 3. θυσιαστήριον 32, 2, 41, 2,
ἐξομολογίομαι 26, 2, 48, 2, 51, 3;

 

