664 INDEX VOCABULORUM.

ναός 23, 5, 41, 2. παράπτωμα 2, 6, 51, 3, 56, 1, 661
νέος l, 3, 3, 3, 21, 6, 52, 2. παράπτωσις 59, 1.
νεωτερισμός 30, 1. παραινέω inser.
νηστεία 53, 2, 55, 6. παρρησία 34, 1. 5, 35, 2.
Νινεοῖται 7, 7. παρρησιάζομαι 15, 7, 53, 5.
Νῶε 7, 6, 9, 4. πάσχω 6, l. 2; 45, 5.
Παῦλος 5, 5, 57, l.
ὁδοί τῆς εὐλογίας 31, 1. πεποί3ησις 2, 33 26, 1 (πίστεως ἂγε
66ος τῆς ἀληθείας 35, 5. 074), 31, 3; 35, 2, 45, 8.
η οἰκουμένη 60, 1. περιούσιος (λαός) 64.
οίντιρμός 9, 1, 18, 2, 20, 11, 56, 1. περίπτωσις l, 1.
οἰκτίρμων 23, 1, 60, 1. Πέτρος 5, 4
ὀλιγοψοχίω 59, 4. πιστεύω 10, 6, 12, 7, 16, 3; 34,4; ,
Ὀλοφέρνης 55, 5. 39, 4, 42, 4, 43, 1.
ὄμματα της ψυχῆς 19, 3. πίστις 1, 2, 3, 4, 5, 6, 6, 2; 16, 1;
ὁμόνοια 9, 4, 11, 2, 20, 3.10.11, 12,8,31,2; 53,2,60,4,62,2;64

21, 1, 30, 3, 34, 7, 49, 5, 50, 5, πιστός3, 4; 10, l; 17, 5, 2115ss

60, 4, 61, 1, 63, 2, 65, 1. 1, 48, 5, 60, 1, 62, 3, 639
ὁμοφωνία 51, 2. πιστόω 15, 4, 42, 3.
ὄνομα 1, 1, 10, 3, 36, 2, 43, 2. 6, πλάτη τῆς καρδίας 2, 8

44, 1, 45, 7, 47, 7, 53, 3, 58, 1, πλατυσμὸς 3, 1.

59, 2. 3, 60, 4, 34. πλημμέλεια 41, 2, 60, l,
ὅσιος 2, 3, 14, 1, 45, 3. 7, 56, 16, πλησίον 2, 6, 51, 2.

58, 1. τὸ πνεῦμα τὸ ἅγιον 2, 2, a 1; ιλ
ὁσιότης 29, 1, 32, 4, 48, 4, 60, 2. 1, 16, 2, 18, 11, 22, 1; 423,
ὁσίως 6, 1, 21, 7. 8, 26,1, 40, 3, 45, 2, 58, 2, 63, 2.

44, 4, 62, 2. πνευματικῶς 47, 3.

Οὐαλέριος, vid· Βίτων. ποίμνιον 16, 1, 44, 33 54, 23 522

ὀφθαλμοί τῆς καρδίας 36, 2, 59, 3. πόλεμος 3, 2, 46, 5, 56, 9,
πολιτεία 2, 8, 54, 4.

πά9ημα (Χριστοῦ) 2, 1. πολιτεύομαι 3, 4, 6, 1; 21,1344,5;

παιδεία 16, 5, 21, 6. 8, 35, 3, 56, 51, 2, 54, 4.

2· 1⁶³ ⁶2³ 3· πιεσβῦτεοοι 1. 3, 3. 3, ει, ε, ιι
74616800121, 6;56,16;5'1,l;59,3. 53 47, 63 54, 2ἶ 55,4; 57, l.
παιδίσκη 60, 2. πρόβατα τῆς νομῆς 59, 4,
παῖς (de Christo) 59, 2. 3. 4. προηγούμενος 21, 6,
παλιγγενεσία 9, 4. πρόσκλισις 21, 7, 47, 3, 43 50,,
πανάγιος 35, 3, 58, l. πρόσταγμα 28, 3, 43 20, 5ἱ 321,
πανάρετος1,2;2,8;45,7,57,3, 40,5,50,5,58,2,

60, 4. προστάτης 36, 1, 61, 3; ὃς,
παντεπόπτης 55, 6, 64. προσφέρω 4, 43 10, 73 41, 2, 432³
παντοκρατοροιός 8, 5. 44, 4, 47, 4.
παντοκράτωρ 111806, 2, 3, 32, 4, 56, προσφορά 36, 1, 40, 2, ρ

63 60, 43 62, 2. προφητεία 12 8,

 

